3 0.21223958333333334 0.4309895833333333 0.07649739583333333 0.05685763888888889
3 0.5364583333333334 0.3678385416666667 0.06510416666666667 0.0646701388888889
3 0.5773111979166666 0.5405815972222222 0.051106770833333336 0.049479166666666664
3 0.4376627604166667 0.5881076388888888 0.042317708333333336 0.052083333333333336
3 0.3883463541666667 0.5993923611111112 0.051106770833333336 0.041666666666666664
3 0.7745768229166666 0.357421875 0.046549479166666664 0.041666666666666664
3 0.2932942708333333 0.4982638888888889 0.07194010416666667 0.04210069444444445
3 0.6765950520833334 0.1820746527777778 0.060546875 0.06076388888888889
3 0.4471028645833333 0.5149739583333334 0.04296875 0.04470486111111111
3 0.23063151041666666 0.5301649305555556 0.059244791666666664 0.0681423611111111
3 0.8204752604166666 0.2808159722222222 0.0380859375 0.029079861111111112
3 0.2854817708333333 0.5904947916666666 0.047526041666666664 0.03732638888888889
3 0.09358723958333333 0.5837673611111112 0.0732421875 0.03689236111111111
3 0.2060546875 0.6501736111111112 0.046223958333333336 0.04210069444444445
3 0.2799479166666667 0.4390190972222222 0.062174479166666664 0.04861111111111111
3 0.3201497395833333 0.5295138888888888 0.054036458333333336 0.04513888888888889