19 0.2492726791854007 0.4095686843059079 0.279026712509918 0.1703515766582095
19 0.48201533985718065 0.7403044581370062 0.31605395398042846 0.20115984052192823
19 0.10975932293044169 0.756614715476622 0.21687384289870404 0.1649148242116709
19 0.8013752975403332 0.6687205509242479 0.20629463104998677 0.11960855382384922
19 0.8694789738164507 0.43131569409206233 0.2446442740015869 0.1812250815512867
19 0.7431896323723882 0.2165639724537876 0.20893943401216608 0.14679231605654222
19 0.9139116635810632 0.265494744472635 0.17217667283787358 0.12866980790141355
19 0.41920126950542186 0.08608191373686118 0.2591906902935731 0.16853932584269662
19 0.8119545093890506 0.09242479159115621 0.2697699021422904 0.11960855382384922
19 0.47209732874900817 0.32620514679231605 0.1983602221634488 0.13048205871692642
19 0.2896059243586353 0.29630300833635376 0.1930706162390902 0.08880028996013048
19 0.07736048664374504 0.4820587169264226 0.1414969584765935 0.15585357013410656
19 0.4026712509918011 0.6206959043131569 0.23935466807722824 0.15041681768756796
19 0.73657762496694 0.4059441826748822 0.166622586617297 0.13048205871692642