5 0.5786732456140351 0.42616959064327486 0.06880482456140351 0.07346491228070176
5 0.7210800438596491 0.44846491228070173 0.09046052631578948 0.0851608187134503
5 0.8722587719298246 0.42123538011695905 0.04742324561403509 0.06359649122807018
5 0.24300986842105263 0.43530701754385964 0.0625 0.055190058479532164
5 0.031661184210526314 0.6323099415204678 0.06332236842105263 0.0800438596491228
5 0.826891447368421 0.40497076023391815 0.06085526315789474 0.049342105263157895
5 0.6108826754385965 0.49433479532163743 0.08388157894736842 0.06359649122807018
5 0.13596491228070176 0.4292763157894737 0.046875 0.09064327485380116
5 0.3092105263157895 0.36239035087719296 0.061677631578947366 0.04824561403508772
5 0.265625 0.3841374269005848 0.05674342105263158 0.04788011695906433
5 0.10786732456140351 0.3194444444444444 0.0756578947368421 0.06103801169590643
5 0.5111019736842105 0.32858187134502925 0.05701754385964912 0.04276315789473684
5 0.44243421052631576 0.3930921052631579 0.05674342105263158 0.03654970760233918
5 0.5233004385964912 0.2741228070175439 0.0649671052631579 0.061769005847953216
5 0.5874451754385965 0.2538377192982456 0.05619517543859649 0.07236842105263158
5 0.6256853070175439 0.3753654970760234 0.06962719298245613 0.04861111111111111
5 0.5270010964912281 0.3753654970760234 0.07483552631578948 0.04861111111111111
5 0.5574287280701754 0.33808479532163743 0.05646929824561404 0.04678362573099415
5 0.7802905701754386 0.40515350877192985 0.06907894736842106 0.08223684210526316
5 0.8114035087719298 0.29312865497076024 0.05455043859649123 0.0668859649122807
5 0.7225877192982456 0.2275219298245614 0.055098684210526314 0.041666666666666664
5 0.6984649122807017 0.17086988304093567 0.04331140350877193 0.0489766081871345
5 0.7143640350877193 0.12426900584795321 0.04139254385964912 0.02887426900584795
5 0.735608552631579 0.1838450292397661 0.02631578947368421 0.049342105263157895
5 0.787828947368421 0.14327485380116958 0.026589912280701754 0.03399122807017544
5 0.9458607456140351 0.14839181286549707 0.05482456140350877 0.043859649122807015