8 0.5513239620791108 0.21013513513513513 0.12781954887218044 0.10315315315315315
8 0.6489048708728342 0.22545045045045045 0.13828048381824126 0.09864864864864865
8 0.7149395227198431 0.25 0.13664596273291926 0.06846846846846846
8 0.38558352402745993 0.2653153153153153 0.10951291271657404 0.08423423423423423
8 0.5019614253023864 0.3518018018018018 0.12716574043805165 0.09954954954954955
8 0.40127492644655116 0.4605855855855856 0.13828048381824126 0.07522522522522522
8 0.3211833932657731 0.4 0.11147433801896045 0.06261261261261261
8 0.3372016999019287 0.3259009009009009 0.14351095129127167 0.10585585585585586
8 0.6551160509970578 0.44819819819819817 0.12455050670153645 0.0918918918918919
8 0.6748937561294541 0.33063063063063064 0.11507028440666885 0.08333333333333333
8 0.5104609349460608 0.5265765765765765 0.09807126511932004 0.07027027027027027
8 0.4334749918273946 0.513063063063063 0.10755148741418764 0.07117117117117117
8 0.6636155606407322 0.7414414414414414 0.15233736515201046 0.12297297297297298
8 0.9032363517489376 0.3662162162162162 0.14972213141549526 0.1436936936936937