9 0.5326605902777778 0.6239872685185185 0.11762152777777778 0.08506944444444445
9 0.4053819444444444 0.7663483796296297 0.1130642361111111 0.06712962962962964
9 0.7247178819444444 0.9538483796296297 0.11089409722222222 0.09230324074074074
9 0.8371310763888888 0.8084490740740741 0.1171875 0.08333333333333333
9 0.890625 0.7103587962962963 0.10438368055555555 0.09375
9 0.2930772569444444 0.8670428240740741 0.1332465277777778 0.08072916666666667
9 0.12272135416666667 0.7944155092592593 0.15711805555555555 0.08333333333333333
9 0.2896050347222222 0.6824363425925926 0.1174045138888889 0.08478009259259259
9 0.375 0.5604745370370371 0.10004340277777778 0.05439814814814815
9 0.4810112847222222 0.4816261574074074 0.08658854166666667 0.06568287037037036
9 0.18098958333333334 0.49291087962962965 0.11328125 0.07667824074074074
9 0.07779947916666667 0.5247395833333334 0.11827256944444445 0.06770833333333333
9 0.12358940972222222 0.3521412037037037 0.09722222222222222 0.07696759259259259
9 0.2451171875 0.3101851851851852 0.0935329861111111 0.06105324074074074
9 0.359375 0.3187210648148148 0.0861545138888889 0.06655092592592593
9 0.5304904513888888 0.4046585648148148 0.048177083333333336 0.059895833333333336
9 0.6616753472222222 0.49117476851851855 0.046440972222222224 0.052083333333333336
9 0.6481119791666666 0.6824363425925926 0.045572916666666664 0.05439814814814815
9 0.7680121527777778 0.6805555555555556 0.0546875 0.06221064814814815
9 0.8067491319444444 0.4891493055555556 0.04774305555555555 0.050347222222222224
9 0.9518229166666666 0.31626157407407407 0.09635416666666667 0.08015046296296297
9 0.8194444444444444 0.23958333333333334 0.0818142361111111 0.08912037037037036
9 0.69921875 0.1189236111111111 0.040364583333333336 0.03761574074074074