9 0.46826171875 0.5794270833333334 0.10970052083333333 0.09418402777777778
9 0.5782877604166666 0.6098090277777778 0.14095052083333334 0.0881076388888889
9 0.7109375 0.6273871527777778 0.09993489583333333 0.08550347222222222
9 0.8712565104166666 0.6634114583333334 0.1455078125 0.09114583333333333
9 0.8377278645833334 0.5930989583333334 0.13444010416666666 0.06076388888888889
9 0.17529296875 0.6538628472222222 0.1552734375 0.08680555555555555
9 0.09114583333333333 0.5896267361111112 0.1455078125 0.08246527777777778
9 0.08414713541666667 0.5158420138888888 0.15071614583333334 0.0998263888888889
9 0.13671875 0.3912760416666667 0.13444010416666666 0.15755208333333334
9 0.2685546875 0.3921440972222222 0.12467447916666667 0.1072048611111111
9 0.44482421875 0.3537326388888889 0.09765625 0.09678819444444445
9 0.3575846354166667 0.3240017361111111 0.09212239583333333 0.07508680555555555
9 0.24039713541666666 0.267578125 0.0771484375 0.10416666666666667
9 0.5045572916666666 0.4303385416666667 0.07584635416666667 0.05078125
9 0.5349934895833334 0.4969618055555556 0.10416666666666667 0.053385416666666664
9 0.4454752604166667 0.5201822916666666 0.12272135416666667 0.0681423611111111
9 0.7742513020833334 0.4318576388888889 0.1376953125 0.07074652777777778
9 0.8028971354166666 0.3233506944444444 0.1259765625 0.07378472222222222
9 0.9358723958333334 0.2944878472222222 0.12044270833333333 0.06510416666666667
9 0.95458984375 0.533203125 0.0908203125 0.0681423611111111
9 0.7937825520833334 0.5062934027777778 0.11393229166666667 0.055121527777777776
9 0.7003580729166666 0.541015625 0.0986328125 0.06380208333333333
9 0.6359049479166666 0.4312065972222222 0.1279296875 0.0954861111111111
9 0.35400390625 0.6440972222222222 0.11653645833333333 0.06510416666666667
9 0.3356119791666667 0.5993923611111112 0.11588541666666667 0.061197916666666664
9 0.2560221354166667 0.5813802083333334 0.1083984375 0.06510416666666667
9 0.2794596354166667 0.5342881944444444 0.12272135416666667 0.0842013888888889
9 0.18212890625 0.5112847222222222 0.10546875 0.061197916666666664
9 0.6017252604166666 0.3038194444444444 0.044921875 0.033854166666666664
9 0.5322265625 0.3274739583333333 0.048828125 0.04383680555555555
9 0.6741536458333334 0.2983940972222222 0.06705729166666667 0.043402777777777776
9 0.8595377604166666 0.4151475694444444 0.091796875 0.07335069444444445