9 0.4961622807017544 0.16904239766081872 0.39747807017543857 0.2101608187134503
9 0.5112390350877193 0.5217470760233918 0.21929824561403508 0.1736111111111111
9 0.7182017543859649 0.4093567251461988 0.2987938596491228 0.15350877192982457
9 0.6403508771929824 0.28636695906432746 0.3138706140350877 0.13084795321637427
9 0.6918859649122807 0.09247076023391813 0.23985745614035087 0.14108187134502925
9 0.2070997807017544 0.5296052631578947 0.2579495614035088 0.10160818713450293
9 0.25753837719298245 0.8627558479532164 0.3207236842105263 0.16191520467836257
9 0.6524122807017544 0.8550804093567251 0.3399122807017544 0.20029239766081872
9 0.7338267543859649 0.6491228070175439 0.30043859649122806 0.11440058479532164
9 0.19695723684210525 0.37755847953216376 0.2513706140350877 0.14619883040935672
9 0.9222861842105263 0.4517543859649123 0.15542763157894737 0.11951754385964912
9 0.928453947368421 0.2719298245614035 0.14309210526315788 0.11001461988304094
9 0.8802083333333334 0.7447002923976608 0.23958333333333334 0.1600877192982456
9 0.7058662280701754 0.7741228070175439 0.21134868421052633 0.11001461988304094
9 0.4732730263157895 0.9053362573099415 0.25411184210526316 0.14510233918128654
9 0.4206414473684211 0.02320906432748538 0.10882675438596491 0.04641812865497076