9 0.4099049707602339 0.7724171539961013 0.16703216374269006 0.09600389863547758
9 0.24067982456140352 0.7439083820662769 0.20358187134502925 0.08771929824561403
9 0.15716374269005848 0.6749512670565302 0.15826023391812866 0.07651072124756335
9 0.1297514619883041 0.6042884990253411 0.20833333333333334 0.07163742690058479
9 0.10910087719298246 0.34673489278752434 0.1597222222222222 0.07943469785575048
9 0.36366959064327486 0.4134990253411306 0.13779239766081872 0.0891812865497076
9 0.5360014619883041 0.6773879142300195 0.17288011695906433 0.10380116959064327
9 0.7346491228070176 0.6366959064327485 0.1560672514619883 0.07163742690058479
9 0.7845394736842105 0.7066276803118908 0.17543859649122806 0.0682261208576998
9 0.9349415204678363 0.5799220272904484 0.1301169590643275 0.07456140350877193
9 0.8046418128654971 0.5635964912280702 0.12792397660818713 0.0682261208576998
9 0.6365131578947368 0.5806530214424951 0.13048245614035087 0.05701754385964912
9 0.5239400584795322 0.5562865497076024 0.1341374269005848 0.06335282651072124
9 0.34484649122807015 0.6279239766081871 0.1560672514619883 0.07309941520467836
9 0.3368055555555556 0.5587231968810916 0.1472953216374269 0.06189083820662768
9 0.23994883040935672 0.5367933723196882 0.15826023391812866 0.05701754385964912
9 0.2540204678362573 0.4685672514619883 0.13523391812865498 0.047270955165692005
9 0.5555555555555556 0.40131578947368424 0.1388888888888889 0.09746588693957114
9 0.6811038011695907 0.4281189083820663 0.12171052631578948 0.0891812865497076
9 0.8218201754385965 0.3313840155945419 0.1472953216374269 0.08430799220272904
9 0.671235380116959 0.2875243664717349 0.1290204678362573 0.07163742690058479
9 0.6505847953216374 0.18835282651072124 0.09758771929824561 0.04873294346978557
9 0.5597587719298246 0.2283138401559454 0.11330409356725146 0.05701754385964912
9 0.5646929824561403 0.3199317738791423 0.12317251461988304 0.0682261208576998
9 0.4764254385964912 0.30701754385964913 0.12171052631578948 0.04873294346978557
9 0.3485014619883041 0.341130604288499 0.14875730994152048 0.07456140350877193
9 0.36330409356725146 0.24317738791423002 0.08369883040935673 0.04434697855750487
9 0.34173976608187134 0.28776803118908384 0.1070906432748538 0.04483430799220273
9 0.23921783625730994 0.24317738791423002 0.08442982456140351 0.04922027290448343
9 0.05884502923976608 0.4415204678362573 0.11769005847953216 0.09551656920077972
9 0.07437865497076024 0.4914717348927875 0.09576023391812866 0.05360623781676413
9 0.14126461988304093 0.5307017543859649 0.13267543859649122 0.06481481481481481
9 0.6235380116959064 0.48221247563352826 0.12097953216374269 0.07846003898635477
9 0.876827485380117 0.6661793372319688 0.1385233918128655 0.07066276803118908
9 0.9219663742690059 0.4130116959064328 0.10160818713450293 0.0847953216374269
9 0.9322002923976608 0.3252923976608187 0.09466374269005848 0.09064327485380116
9 0.9345760233918129 0.22538986354775828 0.07602339181286549 0.06920077972709551