9 0.2999674479166667 0.3348524305555556 0.126953125 0.0998263888888889
9 0.76123046875 0.6351996527777778 0.10514322916666667 0.08116319444444445
9 0.7986653645833334 0.3869357638888889 0.1083984375 0.10850694444444445
9 0.7482096354166666 0.3313802083333333 0.10970052083333333 0.07508680555555555
9 0.6005859375 0.494140625 0.10514322916666667 0.0881076388888889
9 0.56103515625 0.3645833333333333 0.12141927083333333 0.078125
9 0.5143229166666666 0.4346788194444444 0.12369791666666667 0.09114583333333333
9 0.3917643229166667 0.396484375 0.09114583333333333 0.10112847222222222
9 0.27880859375 0.4333767361111111 0.09537760416666667 0.08550347222222222
9 0.23876953125 0.3747829861111111 0.08756510416666667 0.0625
9 0.3048502604166667 0.197265625 0.11328125 0.0720486111111111
9 0.3370768229166667 0.125 0.10286458333333333 0.0625
9 0.4210611979166667 0.2506510416666667 0.08528645833333333 0.0703125
9 0.3606770833333333 0.2819010416666667 0.052083333333333336 0.05946180555555555
9 0.4573567708333333 0.2786458333333333 0.038736979166666664 0.05772569444444445
9 0.52783203125 0.2931857638888889 0.048177083333333336 0.038628472222222224
9 0.4495442708333333 0.3650173611111111 0.035807291666666664 0.06163194444444445
9 0.5730794270833334 0.22005208333333334 0.058268229166666664 0.042534722222222224
9 0.5263671875 0.2439236111111111 0.055013020833333336 0.03515625
9 0.6175130208333334 0.2894965277777778 0.05078125 0.04774305555555555
9 0.6350911458333334 0.1892361111111111 0.040690104166666664 0.05251736111111111
9 0.6057942708333334 0.2660590277777778 0.029296875 0.03298611111111111
9 0.6725260416666666 0.18272569444444445 0.029296875 0.04470486111111111
9 0.6861979166666666 0.22786458333333334 0.045572916666666664 0.029947916666666668
9 0.7073567708333334 0.18663194444444445 0.026041666666666668 0.03515625
9 0.7594401041666666 0.17643229166666666 0.058268229166666664 0.042534722222222224
9 0.6785481770833334 0.3995225694444444 0.058919270833333336 0.06597222222222222
9 0.66064453125 0.5603298611111112 0.09733072916666667 0.07942708333333333
9 0.56982421875 0.5518663194444444 0.07942708333333333 0.06032986111111111
9 0.6077473958333334 0.6302083333333334 0.09765625 0.06076388888888889
9 0.5179036458333334 0.6145833333333334 0.10188802083333333 0.07291666666666667
9 0.4879557291666667 0.6866319444444444 0.11979166666666667 0.09071180555555555
9 0.3243815104166667 0.6892361111111112 0.13248697916666666 0.08637152777777778
9 0.23600260416666666 0.6705729166666666 0.1201171875 0.13671875
9 0.3636067708333333 0.5705295138888888 0.1181640625 0.12977430555555555
9 0.16422526041666666 0.6193576388888888 0.13834635416666666 0.1736111111111111
9 0.05078125 0.6920572916666666 0.09798177083333333 0.07335069444444445
9 0.09147135416666667 0.5985243055555556 0.1806640625 0.11371527777777778
9 0.8562825520833334 0.5991753472222222 0.10123697916666667 0.0876736111111111
9 0.7957356770833334 0.4759114583333333 0.080078125 0.053385416666666664
9 0.8792317708333334 0.4641927083333333 0.08854166666666667 0.05772569444444445
9 0.9246419270833334 0.5134548611111112 0.11751302083333333 0.0720486111111111
9 0.96826171875 0.3283420138888889 0.046223958333333336 0.06770833333333333
9 0.6896158854166666 0.1154513888888889 0.027669270833333332 0.046875