14 0.17916260954235638 0.5604222821203954 0.12885426809477443 0.11680143755615453
14 0.41123012009087956 0.6143306379155435 0.12528399870172022 0.09613656783468104
14 0.35215839013307365 0.8068283917340521 0.09185329438493996 0.10107816711590296
14 0.5731905225576112 0.14600179694519316 0.07075624797143784 0.12084456424079065
14 0.47825381369685166 0.07951482479784366 0.09931840311587146 0.08984725965858041
14 0.47938980850373253 0.19047619047619047 0.07367737747484583 0.08086253369272237
14 0.25121713729308665 0.39824797843665766 0.06751054852320675 0.06558849955076371
14 0.18354430379746836 0.43194070080862534 0.07497565725413827 0.07681940700808626
14 0.31467056150600453 0.22124887690925427 0.06848425835767608 0.062443845462713386
14 0.40133073677377473 0.21675651392632525 0.05809802012333658 0.06873315363881402
14 0.6118143459915611 0.2807726864330638 0.0723790976955534 0.08490566037735849
14 0.567023693605972 0.24281221922731358 0.0694579681921454 0.09344115004492363
14 0.3266796494644596 0.39892183288409705 0.06004543979227524 0.0637915543575921
14 0.12917883803959754 0.3376010781671159 0.043816942551119765 0.06693620844564241
14 0.416910094125284 0.2744833782569632 0.0762739370334307 0.07592093441150045
14 0.2249269717624148 0.4714734950584007 0.0688088283024992 0.07142857142857142
14 0.12138915936384291 0.6630727762803235 0.04349237260629666 0.06154537286612758