15 0.111125 0.42716666666666664 0.067 0.057
15 0.250625 0.31283333333333335 0.086 0.05533333333333333
15 0.254125 0.382 0.063 0.05633333333333333
15 0.309 0.38216666666666665 0.03275 0.04066666666666666
15 0.57125 0.30866666666666664 0.06975 0.06366666666666666
15 0.612875 0.18583333333333332 0.0505 0.05466666666666667
15 0.6215 0.24633333333333332 0.06025 0.04566666666666667
15 0.742875 0.107 0.063 0.051666666666666666
15 0.9375 0.0315 0.08975 0.063
15 0.4035 0.3285 0.03925 0.03
15 0.397625 0.36 0.04 0.042666666666666665