13 0.08675 0.4205 0.11575 0.08833333333333333
13 0.335125 0.08333333333333333 0.09 0.08966666666666667
13 0.424125 0.39366666666666666 0.1255 0.08133333333333333
13 0.262625 0.5268333333333334 0.11 0.07
13 0.1645 0.1585 0.07875 0.07
13 0.284 0.2555 0.06025 0.06066666666666667
13 0.56875 0.45416666666666666 0.12725 0.08466666666666667
13 0.040125 0.04766666666666667 0.075 0.09166666666666666
13 0.389875 0.28 0.087 0.06933333333333333
13 0.256625 0.16333333333333333 0.083 0.06933333333333333
13 0.4395 0.024 0.0925 0.048
13 0.47925 0.22483333333333333 0.063 0.04933333333333333
13 0.630625 0.7826666666666666 0.131 0.08833333333333333
13 0.43875 0.7511666666666666 0.11225 0.07866666666666666
13 0.193375 0.802 0.139 0.08033333333333334
13 0.626 0.20016666666666666 0.09925 0.05
13 0.7925 0.5886666666666667 0.10725 0.07333333333333333
13 0.797125 0.21166666666666667 0.089 0.07266666666666667
13 0.534125 0.31033333333333335 0.058 0.057
13 0.50175 0.6223333333333333 0.11825 0.057666666666666665
13 0.756625 0.49066666666666664 0.1105 0.08433333333333333
13 0.079875 0.5496666666666666 0.057 0.04533333333333334