12 0.292375 0.2355 0.0345 0.050666666666666665
12 0.331375 0.32416666666666666 0.045 0.028
12 0.3545 0.2763333333333333 0.04875 0.035666666666666666
12 0.446625 0.261 0.058 0.045
12 0.375125 0.374 0.0325 0.03766666666666667
12 0.40525 0.4186666666666667 0.04525 0.03
12 0.519125 0.32133333333333336 0.0605 0.04566666666666667
12 0.638875 0.2981666666666667 0.0575 0.05266666666666667
12 0.66725 0.21733333333333332 0.06675 0.04766666666666667
12 0.430875 0.31266666666666665 0.044 0.041666666666666664
12 0.386375 0.6988333333333333 0.0875 0.09733333333333333