4 0.2954644097222222 0.8067129629629629 0.18229166666666666 0.1362847222222222
4 0.17545572916666666 0.6215277777777778 0.1566840277777778 0.08188657407407407
4 0.3129340277777778 0.6365740740740741 0.11588541666666667 0.07523148148148148
4 0.3668619791666667 0.5656828703703703 0.07074652777777778 0.06510416666666667
4 0.3555772569444444 0.4904513888888889 0.10091145833333333 0.08680555555555555
4 0.43359375 0.5004340277777778 0.06770833333333333 0.07175925925925926
4 0.6121961805555556 0.5234375 0.1252170138888889 0.08940972222222222
4 0.7584635416666666 0.5234375 0.12586805555555555 0.07436342592592593
4 0.7720269097222222 0.7251157407407407 0.1291232638888889 0.07523148148148148
4 0.4649522569444444 0.8313078703703703 0.1540798611111111 0.10706018518518519
4 0.509765625 0.9473379629629629 0.1723090277777778 0.10532407407407407
4 0.4797092013888889 0.5723379629629629 0.10460069444444445 0.06336805555555555
4 0.7644314236111112 0.6102430555555556 0.13780381944444445 0.07262731481481481
4 0.5720486111111112 0.7361111111111112 0.10894097222222222 0.09027777777777778
4 0.8170572916666666 0.9160879629629629 0.16536458333333334 0.1009837962962963
4 0.7252604166666666 0.9619502314814815 0.1384548611111111 0.07609953703703703
4 0.10340711805555555 0.5551215277777778 0.055121527777777776 0.052662037037037035
4 0.2544487847222222 0.5530960648148148 0.07139756944444445 0.05844907407407408
4 0.4458550347222222 0.6370081018518519 0.08702256944444445 0.052662037037037035
4 0.6115451388888888 0.6241319444444444 0.13411458333333334 0.08188657407407407
4 0.8909505208333334 0.6553819444444444 0.1391059027777778 0.09924768518518519