16 0.5174067982456141 0.1752558479532164 0.08305921052631579 0.0756578947368421
16 0.6994243421052632 0.2730263157894737 0.04139254385964912 0.07017543859649122
16 0.6761239035087719 0.44261695906432746 0.055098684210526314 0.043859649122807015
16 0.25315241228070173 0.3024488304093567 0.028782894736842105 0.05226608187134503
16 0.027549342105263157 0.11695906432748537 0.055098684210526314 0.0847953216374269
16 0.02617872807017544 0.2459795321637427 0.05235745614035088 0.07163742690058479
16 0.18708881578947367 0.3033625730994152 0.04303728070175439 0.051900584795321635
16 0.051535087719298246 0.4274488304093567 0.03728070175438596 0.04861111111111111
16 0.1709155701754386 0.4470029239766082 0.04797149122807018 0.049707602339181284
16 0.2970120614035088 0.5146198830409356 0.03700657894736842 0.0533625730994152
16 0.2090186403508772 0.5414839181286549 0.07593201754385964 0.06907894736842106
16 0.19462719298245615 0.6262792397660819 0.0581140350877193 0.06030701754385965
16 0.10115131578947369 0.674890350877193 0.042214912280701754 0.04349415204678363