17 0.09498355263157894 0.4906798245614035 0.09073464912280702 0.0851608187134503
17 0.17434210526315788 0.4067982456140351 0.08771929824561403 0.059941520467836254
17 0.20422149122807018 0.3543494152046784 0.06524122807017543 0.0537280701754386
17 0.17434210526315788 0.31122076023391815 0.06578947368421052 0.04057017543859649
17 0.27069627192982454 0.20431286549707603 0.05290570175438596 0.06432748538011696
17 0.3496436403508772 0.22898391812865498 0.07922149122807018 0.07346491228070176
17 0.42653508771929827 0.19773391812865498 0.06578947368421052 0.06578947368421052
17 0.34662828947368424 0.32364766081871343 0.1006030701754386 0.06542397660818713
17 0.33675986842105265 0.3845029239766082 0.06990131578947369 0.051900584795321635
17 0.37280701754385964 0.44974415204678364 0.08991228070175439 0.061769005847953216
17 0.5541392543859649 0.48775584795321636 0.12362938596491228 0.10855263157894737
17 0.5219298245614035 0.38687865497076024 0.07839912280701754 0.06761695906432749
17 0.7038103070175439 0.3254751461988304 0.08305921052631579 0.0763888888888889
17 0.8700657894736842 0.26206140350877194 0.06195175438596491 0.06286549707602339
17 0.9165296052631579 0.06761695906432749 0.03700657894736842 0.04312865497076023