18 0.023574561403508772 0.49433479532163743 0.047149122807017545 0.13669590643274854
18 0.14021381578947367 0.2856359649122807 0.0581140350877193 0.09210526315789473
18 0.22669956140350878 0.40095029239766083 0.07209429824561403 0.07419590643274854
18 0.24547697368421054 0.5358187134502924 0.07456140350877193 0.0935672514619883
18 0.31798245614035087 0.5034722222222222 0.05180921052631579 0.07821637426900585
18 0.4906798245614035 0.1701388888888889 0.08744517543859649 0.11330409356725146
18 0.6794133771929824 0.19517543859649122 0.08388157894736842 0.08991228070175439
18 0.8162006578947368 0.29769736842105265 0.07236842105263158 0.09429824561403509
18 0.4602521929824561 0.3199926900584795 0.10882675438596491 0.10964912280701754
18 0.3168859649122807 0.30994152046783624 0.06880482456140351 0.05665204678362573
18 0.6096491228070176 0.4418859649122807 0.05674342105263158 0.06834795321637427
18 0.7898848684210527 0.4024122807017544 0.0800438596491228 0.13084795321637427