16 0.7394462719298246 0.31889619883040937 0.11348684210526316 0.10014619883040936
16 0.2612390350877193 0.721125730994152 0.10553728070175439 0.09685672514619884
16 0.22039473684210525 0.502375730994152 0.03481359649122807 0.06871345029239766
16 0.5323464912280702 0.7176535087719298 0.09402412280701754 0.0935672514619883
16 0.30057565789473684 0.5316154970760234 0.041666666666666664 0.05043859649122807
16 0.1367872807017544 0.5972222222222222 0.04029605263157895 0.03545321637426901
16 0.2512335526315789 0.5910087719298246 0.03070175438596491 0.0445906432748538
16 0.13884320175438597 0.6820175438596491 0.08826754385964912 0.061769005847953216
16 0.10910087719298246 0.8210891812865497 0.04797149122807018 0.06286549707602339
16 0.025904605263157895 0.7821637426900585 0.03508771929824561 0.0577485380116959
16 0.14734100877192982 0.8801169590643275 0.03125 0.034722222222222224
16 0.15446820175438597 0.7430555555555556 0.03453947368421053 0.049342105263157895
16 0.22217653508771928 0.7885599415204678 0.04111842105263158 0.041666666666666664
16 0.9072094298245614 0.9181286549707602 0.11732456140350878 0.10489766081871345