20 0.3092105263157895 0.3481359649122807 0.25877192982456143 0.1070906432748538
20 0.4973958333333333 0.16794590643274854 0.16913377192982457 0.10489766081871345
20 0.5102796052631579 0.44005847953216376 0.1894188596491228 0.08991228070175439
20 0.32908442982456143 0.5625 0.19709429824561403 0.0935672514619883
20 0.588952850877193 0.7722953216374269 0.20970394736842105 0.10014619883040936
20 0.6796875 0.6290204678362573 0.15542763157894737 0.12426900584795321
20 0.7561677631578947 0.4093567251461988 0.13843201754385964 0.1162280701754386
20 0.8314144736842105 0.32748538011695905 0.11074561403508772 0.08406432748538012
20 0.8414199561403509 0.16063596491228072 0.12801535087719298 0.09027777777777778
20 0.12801535087719298 0.6350511695906432 0.24177631578947367 0.16191520467836257
20 0.9358552631578947 0.17160087719298245 0.12445175438596491 0.12682748538011696