24 0.10175 0.9568333333333333 0.138 0.08633333333333333
24 0.135875 0.8566666666666667 0.18375 0.086
24 0.48875 0.8693333333333333 0.1795 0.10133333333333333
24 0.493 0.6966666666666667 0.183 0.13266666666666665
24 0.072 0.6711666666666667 0.144 0.10166666666666667
24 0.056375 0.49183333333333334 0.11275 0.09966666666666667
24 0.1875 0.5138333333333334 0.1655 0.10366666666666667
24 0.28925 0.5921666666666666 0.177 0.09366666666666666
24 0.43575 0.5226666666666666 0.154 0.10466666666666667
24 0.560625 0.5855 0.15175 0.09366666666666666
24 0.635 0.6366666666666667 0.143 0.07933333333333334
24 0.673 0.6998333333333333 0.127 0.10233333333333333
24 0.88525 0.5871666666666666 0.1475 0.077
24 0.8895 0.5241666666666667 0.164 0.07766666666666666
24 0.800625 0.4831666666666667 0.15425 0.109
24 0.6275 0.4725 0.178 0.101
24 0.39525 0.4141666666666667 0.155 0.057666666666666665
24 0.108875 0.37783333333333335 0.21775 0.11166666666666666
24 0.34075 0.3453333333333333 0.164 0.056666666666666664
24 0.32775 0.2821666666666667 0.18 0.087
24 0.57725 0.3695 0.181 0.115
24 0.73525 0.4111666666666667 0.1175 0.085
24 0.700375 0.3285 0.11975 0.093
24 0.834625 0.3411666666666667 0.13625 0.07833333333333334
24 0.858125 0.22716666666666666 0.11925 0.12033333333333333
24 0.53625 0.16266666666666665 0.163 0.08133333333333333
24 0.56525 0.2951666666666667 0.145 0.11966666666666667
24 0.6825 0.17616666666666667 0.138 0.07833333333333334
24 0.42575 0.24866666666666667 0.124 0.06666666666666667
24 0.284375 0.21266666666666667 0.15925 0.07466666666666667
24 0.16325 0.16183333333333333 0.189 0.083
24 0.91775 0.10466666666666667 0.1275 0.08533333333333333