28 0.42724609375 0.787109375 0.11165364583333333 0.1271701388888889
28 0.27099609375 0.7960069444444444 0.08333333333333333 0.09852430555555555
28 0.3445638020833333 0.5549045138888888 0.051106770833333336 0.07335069444444445
28 0.5079752604166666 0.6553819444444444 0.07389322916666667 0.07769097222222222
28 0.9192708333333334 0.916015625 0.158203125 0.1189236111111111
28 0.8133138020833334 0.3641493055555556 0.049153645833333336 0.09461805555555555
28 0.4342447916666667 0.4869791666666667 0.05859375 0.05642361111111111
28 0.18196614583333334 0.5353732638888888 0.0810546875 0.0837673611111111
28 0.21240234375 0.638671875 0.1005859375 0.055989583333333336
28 0.18636067708333334 0.806640625 0.06412760416666667 0.11414930555555555
28 0.703125 0.798828125 0.0654296875 0.0720486111111111
28 0.6110026041666666 0.5989583333333334 0.06282552083333333 0.10112847222222222
28 0.16731770833333334 0.3511284722222222 0.1328125 0.1362847222222222
28 0.5496419270833334 0.3229166666666667 0.13151041666666666 0.15364583333333334
28 0.8968098958333334 0.2443576388888889 0.10546875 0.12369791666666667
28 0.8128255208333334 0.7259114583333334 0.09147135416666667 0.0681423611111111