28 0.11239035087719298 0.5325292397660819 0.16639254385964913 0.2507309941520468
28 0.20463267543859648 0.5469663742690059 0.10224780701754387 0.16739766081871346
28 0.28686951754385964 0.6312134502923976 0.0912828947368421 0.1878654970760234
28 0.5135690789473685 0.6613669590643275 0.14994517543859648 0.19334795321637427
28 0.3755482456140351 0.9064327485380117 0.09320175438596491 0.1871345029239766
28 0.5427631578947368 0.8961988304093568 0.07319078947368421 0.20760233918128654
28 0.45408442982456143 0.9077119883040936 0.0712719298245614 0.18457602339181287
28 0.3189418859649123 0.43110380116959063 0.17735745614035087 0.19334795321637427
28 0.2402686403508772 0.23574561403508773 0.1444627192982456 0.2138157894736842
28 0.3490953947368421 0.2596856725146199 0.12417763157894737 0.195906432748538
28 0.43133223684210525 0.3262061403508772 0.08415570175438597 0.2277046783625731
28 0.5245339912280702 0.2235014619883041 0.13157894736842105 0.1564327485380117