30 0.08968098958333333 0.1603732638888889 0.17252604166666666 0.14713541666666666
30 0.44287109375 0.162109375 0.1669921875 0.10416666666666667
30 0.8487955729166666 0.2649739583333333 0.10872395833333333 0.078125
30 0.6051432291666666 0.6239149305555556 0.12044270833333333 0.18880208333333334
30 0.4895833333333333 0.4251302083333333 0.15625 0.12065972222222222
30 0.20133463541666666 0.6059027777777778 0.12467447916666667 0.14366319444444445
30 0.4248046875 0.740234375 0.16341145833333334 0.10850694444444445
30 0.4112955729166667 0.6078559027777778 0.10188802083333333 0.11284722222222222
30 0.31298828125 0.4752604166666667 0.10481770833333333 0.0993923611111111
30 0.7107747395833334 0.6087239583333334 0.13248697916666666 0.1115451388888889
30 0.32666015625 0.6276041666666666 0.09309895833333333 0.10026041666666667