26 0.4958767361111111 0.4665798611111111 0.2582465277777778 0.17505787037037038
26 0.693359375 0.6336805555555556 0.2994791666666667 0.2690972222222222
26 0.7986111111111112 0.4470486111111111 0.2907986111111111 0.19675925925925927
26 0.8024088541666666 0.2387152777777778 0.11610243055555555 0.18229166666666666
26 0.4416232638888889 0.3197337962962963 0.2582465277777778 0.15335648148148148
26 0.2620442708333333 0.5577256944444444 0.1616753472222222 0.15769675925925927
26 0.5414496527777778 0.11067708333333333 0.2387152777777778 0.12008101851851852
26 0.4475911458333333 0.18229166666666666 0.2202690972222222 0.1099537037037037
26 0.8034939236111112 0.10344328703703703 0.17469618055555555 0.10850694444444445
26 0.19368489583333334 0.7537615740740741 0.1508246527777778 0.1417824074074074
26 0.4075520833333333 0.5800057870370371 0.1759982638888889 0.1339699074074074