26 0.7169053819444444 0.5337094907407407 0.11024305555555555 0.0630787037037037
26 0.6932508680555556 0.4894386574074074 0.11414930555555555 0.05497685185185185
26 0.7803819444444444 0.4107349537037037 0.1013454861111111 0.06684027777777778
26 0.8388671875 0.4574652777777778 0.09027777777777778 0.052083333333333336
26 0.80078125 0.5154803240740741 0.08528645833333333 0.0876736111111111
26 0.4157986111111111 0.4118923611111111 0.11197916666666667 0.06018518518518518
26 0.5180121527777778 0.4754050925925926 0.09700520833333333 0.05063657407407408
26 0.6266276041666666 0.4014756944444444 0.12261284722222222 0.05873842592592592
26 0.5503472222222222 0.3528645833333333 0.11371527777777778 0.06828703703703703
26 0.6723090277777778 0.3528645833333333 0.08138020833333333 0.06539351851851852
26 0.2985026041666667 0.4813368055555556 0.0896267361111111 0.050347222222222224
26 0.24869791666666666 0.3833912037037037 0.09657118055555555 0.05237268518518518
26 0.13118489583333334 0.43721064814814814 0.1330295138888889 0.06915509259259259
26 0.3130425347222222 0.3854166666666667 0.04578993055555555 0.06394675925925926
26 0.4010416666666667 0.3450520833333333 0.06380208333333333 0.049479166666666664
26 0.4105902777777778 0.26808449074074076 0.08246527777777778 0.046875