25 0.5115017361111112 0.5286458333333334 0.042534722222222224 0.04600694444444445
25 0.4297960069444444 0.41550925925925924 0.045572916666666664 0.03587962962962963
25 0.357421875 0.4011863425925926 0.06293402777777778 0.03530092592592592
25 0.3006727430555556 0.5837673611111112 0.06076388888888889 0.04137731481481482
25 0.5902777777777778 0.5334201388888888 0.05056423611111111 0.04311342592592592
25 0.6586371527777778 0.5235821759259259 0.05056423611111111 0.05613425925925926
25 0.8046875 0.5629340277777778 0.08680555555555555 0.05381944444444445
25 0.7787543402777778 0.4444444444444444 0.03407118055555555 0.03761574074074074
25 0.5364583333333334 0.6495949074074074 0.055338541666666664 0.057291666666666664
25 0.3162977430555556 0.7293113425925926 0.06488715277777778 0.05555555555555555
25 0.2084418402777778 0.6801215277777778 0.0798611111111111 0.03819444444444445