33 0.45925245098039214 0.5702614379084967 0.07352941176470588 0.05473856209150327
33 0.3518688725490196 0.7679738562091504 0.0628063725490196 0.05841503267973856
33 0.18367034313725492 0.7305964052287581 0.07261029411764706 0.049019607843137254
33 0.16176470588235295 0.7761437908496732 0.058823529411764705 0.031862745098039214
33 0.2181372549019608 0.8127042483660131 0.03400735294117647 0.03227124183006536
33 0.17478553921568626 0.6366421568627451 0.03952205882352941 0.068218954248366
33 0.10876225490196079 0.9093137254901961 0.05422794117647059 0.06209150326797386
33 0.058363970588235295 0.8790849673202614 0.0744485294117647 0.068218954248366
33 0.25628063725490197 0.8100490196078431 0.052083333333333336 0.037173202614379085
33 0.22763480392156862 0.44873366013071897 0.046875 0.034722222222222224
33 0.24034926470588236 0.26062091503267976 0.05238970588235294 0.04003267973856209
33 0.7751225490196079 0.5992647058823529 0.10263480392156862 0.119281045751634