33 0.504375 0.36083333333333334 0.13625 0.12166666666666667
33 0.69125 0.33166666666666667 0.095 0.19
33 0.13125 0.35333333333333333 0.1025 0.06666666666666667
33 0.42825 0.872 0.157 0.071
33 0.5685 0.874 0.10775 0.12
33 0.294875 0.37083333333333335 0.084 0.075
33 0.34525 0.2575 0.078 0.06733333333333333
33 0.408 0.12516666666666668 0.079 0.06066666666666667
33 0.177375 0.16066666666666668 0.06225 0.09233333333333334
33 0.329 0.10533333333333333 0.081 0.11066666666666666
33 0.28 0.2833333333333333 0.08625 0.06366666666666666
33 0.271125 0.23533333333333334 0.0755 0.07433333333333333
33 0.29825 0.1555 0.075 0.06633333333333333
33 0.44275 0.187 0.08125 0.06966666666666667
33 0.526125 0.2678333333333333 0.099 0.059666666666666666