33 0.78125 0.23666666666666666 0.1575 0.14333333333333334
33 0.5075 0.35333333333333333 0.1375 0.09333333333333334
33 0.380625 0.44666666666666666 0.10875 0.10666666666666667
33 0.3325 0.575 0.1775 0.07666666666666666
33 0.23 0.5458333333333333 0.13 0.12166666666666667
33 0.295625 0.7233333333333334 0.09625 0.11
33 0.19625 0.4475 0.0825 0.065
33 0.26625 0.42583333333333334 0.0925 0.08833333333333333
33 0.358125 0.32083333333333336 0.08375 0.075
33 0.484375 0.24166666666666667 0.10375 0.06666666666666667
33 0.60375 0.22833333333333333 0.135 0.13
33 0.5975 0.08333333333333333 0.075 0.08666666666666667
33 0.476875 0.11666666666666667 0.09625 0.10333333333333333
33 0.085125 0.64 0.0865 0.09033333333333333