33 0.508875 0.4355 0.10475 0.11833333333333333
33 0.68175 0.3978333333333333 0.08475 0.114
33 0.4075 0.4658333333333333 0.06875 0.065
33 0.242625 0.43333333333333335 0.09 0.05333333333333334
33 0.295375 0.29583333333333334 0.09275 0.09333333333333334
33 0.412125 0.2875 0.07675 0.057
33 0.36775 0.428 0.0735 0.051666666666666666
33 0.231375 0.22533333333333333 0.04525 0.03933333333333333
33 0.304875 0.18633333333333332 0.0415 0.04633333333333333
33 0.3795 0.24183333333333334 0.03425 0.068
33 0.407625 0.336 0.01825 0.079
33 0.467125 0.35133333333333333 0.05425 0.050666666666666665
33 0.347875 0.30416666666666664 0.02975 0.055