33 0.57825 0.11216666666666666 0.131 0.118
33 0.386625 0.148 0.11475 0.10766666666666666
33 0.638875 0.43116666666666664 0.13675 0.10966666666666666
33 0.588125 0.4791666666666667 0.09425 0.07366666666666667
33 0.442125 0.4881666666666667 0.09375 0.15133333333333332
33 0.344625 0.5561666666666667 0.11175 0.101
33 0.378875 0.42816666666666664 0.0725 0.076
33 0.359 0.37216666666666665 0.066 0.07
33 0.09175 0.5378333333333334 0.08725 0.11733333333333333
33 0.25125 0.37733333333333335 0.08025 0.09066666666666667
33 0.43025 0.2515 0.0995 0.089
33 0.43875 0.339 0.05225 0.03866666666666667
33 0.319625 0.26516666666666666 0.04375 0.057