33 0.7805206463195691 0.6626906531091122 0.13165769000598443 0.07117716073523661
33 0.5999401555954518 0.7680876026593665 0.06044284859365649 0.07039499413375049
33 0.5535607420706165 0.7141181071568244 0.041891083183722325 0.05631599530700039
33 0.25493716337522443 0.6963238169730153 0.04967085577498504 0.05240516229956981
33 0.4073907839616996 0.3570590535784122 0.08258527827648116 0.08760265936644505
33 0.694494314781568 0.75831052014079 0.03889886295631358 0.05866249511145874
33 0.766756433273489 0.5762612436448964 0.03949730700179533 0.05318732890105592
33 0.78081986834231 0.45874071177160736 0.039796529024536204 0.030504497457958545
33 0.5317175344105326 0.5256159561986703 0.04817474566128067 0.030113414157215485
33 0.5218432076600837 0.6186937817755181 0.035607420706163975 0.02933124755572937
33 0.4720227408737283 0.5858427845131013 0.02663076002393776 0.05631599530700039
33 0.4483842010771993 0.5565115369573719 0.0421903052064632 0.033242080563159956
33 0.4228007181328546 0.6415721548689871 0.032615200478755234 0.037152913570590536
33 0.5749551166965888 0.5999217833398514 0.024536205864751647 0.024638247946812672
33 0.48444045481747455 0.6963238169730153 0.034709754637941355 0.058271411810715684
33 0.06627767803710354 0.4649980445834963 0.04518252543387193 0.04145482987876418
33 0.12552363853979653 0.41787250684395777 0.044584081388390186 0.04810324599139617
33 0.1497606223818073 0.5009777082518576 0.03919808497905446 0.021900664841611264