33 0.3744517543859649 0.67671783625731 0.06962719298245613 0.0625
33 0.2709703947368421 0.6419956140350878 0.06880482456140351 0.056286549707602336
33 0.3104440789473684 0.7653508771929824 0.0918311403508772 0.062134502923976605
33 0.24780701754385964 0.7198464912280702 0.08607456140350878 0.07273391812865497
33 0.2739857456140351 0.8262061403508771 0.049342105263157895 0.04678362573099415
33 0.3358004385964912 0.9057017543859649 0.049342105263157895 0.07419590643274854
33 0.6233552631578947 0.9311038011695907 0.07209429824561403 0.0625
33 0.6969572368421053 0.8470394736842105 0.07319078947368421 0.0800438596491228
33 0.5452302631578947 0.8779239766081871 0.03700657894736842 0.05263157894736842
33 0.14967105263157895 0.4682017543859649 0.07839912280701754 0.05701754385964912
33 0.23944627192982457 0.420687134502924 0.06304824561403509 0.06396198830409357
33 0.3060581140350877 0.4471856725146199 0.06140350877192982 0.06030701754385965
33 0.5626370614035088 0.43914473684210525 0.05921052631578947 0.05080409356725146
33 0.45737390350877194 0.3309576023391813 0.047697368421052634 0.051535087719298246
33 0.6230811403508771 0.2887426900584795 0.05866228070175439 0.031432748538011694
33 0.7375274122807017 0.35215643274853803 0.05263157894736842 0.04239766081871345
33 0.9046052631578947 0.3815789473684211 0.046875 0.06286549707602339
33 0.8821271929824561 0.09667397660818713 0.03344298245614035 0.057383040935672515
33 0.7834429824561403 0.019736842105263157 0.03262061403508772 0.02850877192982456