34 0.5396050347222222 0.6293402777777778 0.060980902777777776 0.06163194444444445
34 0.4811197916666667 0.5600405092592593 0.0783420138888889 0.049479166666666664
34 0.3983289930555556 0.5743634259259259 0.07530381944444445 0.03356481481481482
34 0.4539930555555556 0.59765625 0.05360243055555555 0.028645833333333332
34 0.3984375 0.4357638888888889 0.03407118055555555 0.01880787037037037
34 0.5026041666666666 0.42578125 0.037109375 0.019097222222222224
34 0.5427517361111112 0.5160590277777778 0.03515625 0.05092592592592592
34 0.580078125 0.4596354166666667 0.050130208333333336 0.027199074074074073
34 0.5806206597222222 0.4275173611111111 0.04513888888888889 0.019097222222222224
34 0.5490451388888888 0.4163773148148148 0.034722222222222224 0.017361111111111112
34 0.6522352430555556 0.41218171296296297 0.05186631944444445 0.020543981481481483
34 0.6674262152777778 0.45023148148148145 0.03537326388888889 0.027199074074074073
34 0.7000868055555556 0.5451388888888888 0.0759548611111111 0.04282407407407408
34 0.6891276041666666 0.5983796296296297 0.0703125 0.043402777777777776
34 0.6278211805555556 0.6268807870370371 0.05577256944444445 0.08622685185185185
34 0.669921875 0.6999421296296297 0.0666232638888889 0.03732638888888889
34 0.6714409722222222 0.6325231481481481 0.05685763888888889 0.016203703703703703
34 0.4716796875 0.7139756944444444 0.049479166666666664 0.02459490740740741
34 0.5245225694444444 0.6867766203703703 0.043402777777777776 0.03877314814814815
34 0.4103732638888889 0.6646412037037037 0.042534722222222224 0.040219907407407406
34 0.373046875 0.6548032407407407 0.058159722222222224 0.029513888888888888
34 0.3505859375 0.49016203703703703 0.051432291666666664 0.017939814814814815
34 0.4774305555555556 0.3524305555555556 0.047526041666666664 0.027777777777777776
34 0.6421440972222222 0.3385416666666667 0.057291666666666664 0.029513888888888888
34 0.7669270833333334 0.37601273148148145 0.04405381944444445 0.03443287037037037
34 0.8315972222222222 0.6332465277777778 0.0920138888888889 0.06886574074074074
34 0.9058159722222222 0.6115451388888888 0.08658854166666667 0.033854166666666664
34 0.9288194444444444 0.6559606481481481 0.07855902777777778 0.033854166666666664
34 0.8244357638888888 0.7077546296296297 0.05881076388888889 0.05092592592592592
34 0.8955078125 0.8692129629629629 0.061197916666666664 0.08998842592592593
34 0.4912109375 0.8596643518518519 0.07291666666666667 0.10677083333333333
34 0.5487196180555556 0.7728587962962963 0.08658854166666667 0.058159722222222224
34 0.6558159722222222 0.8600983796296297 0.10394965277777778 0.04861111111111111
34 0.23914930555555555 0.7092013888888888 0.080078125 0.037905092592592594
34 0.1123046875 0.7352430555555556 0.06532118055555555 0.05700231481481482
34 0.275390625 0.6530671296296297 0.030598958333333332 0.05063657407407408
34 0.2552083333333333 0.5836226851851852 0.04318576388888889 0.046296296296296294
34 0.2661675347222222 0.5190972222222222 0.03515625 0.028645833333333332
34 0.3199869791666667 0.5564236111111112 0.041015625 0.028356481481481483
34 0.32421875 0.5151909722222222 0.028645833333333332 0.01707175925925926
34 0.3428819444444444 0.3958333333333333 0.036458333333333336 0.034722222222222224
34 0.22352430555555555 0.47844328703703703 0.03428819444444445 0.04456018518518518
34 0.2033420138888889 0.5555555555555556 0.03211805555555555 0.03761574074074074
34 0.1999782986111111 0.5993923611111112 0.04079861111111111 0.019675925925925927
34 0.21321614583333334 0.6213831018518519 0.03211805555555555 0.0234375
34 0.2421875 0.6597222222222222 0.045355902777777776 0.03009259259259259
34 0.08919270833333333 0.6539351851851852 0.06141493055555555 0.024016203703703703
34 0.3532986111111111 0.9756944444444444 0.0857204861111111 0.02662037037037037
34 0.4104817708333333 0.9631076388888888 0.083984375 0.02662037037037037
34 0.7464192708333334 0.9811921296296297 0.09266493055555555 0.03298611111111111
34 0.7998046875 0.8305844907407407 0.049262152777777776 0.03211805555555555
34 0.7202690972222222 0.7394386574074074 0.083984375 0.04369212962962963