34 0.7449001736111112 0.6915509259259259 0.1833767361111111 0.15335648148148148
34 0.7004123263888888 0.5620659722222222 0.146484375 0.1519097222222222
34 0.8121744791666666 0.10778356481481481 0.1638454861111111 0.09403935185185185
34 0.5512152777777778 0.1613136574074074 0.2907986111111111 0.1519097222222222
34 0.4025607638888889 0.3493923611111111 0.1736111111111111 0.14612268518518517
34 0.4660373263888889 0.8673321759259259 0.15950520833333334 0.1345486111111111
34 0.3927951388888889 0.7624421296296297 0.14539930555555555 0.10127314814814815
34 0.2587890625 0.48466435185185186 0.23763020833333334 0.1417824074074074
34 0.6076388888888888 0.41594328703703703 0.14539930555555555 0.09693287037037036
34 0.5720486111111112 0.5924479166666666 0.06770833333333333 0.08188657407407407
34 0.5983072916666666 0.8057002314814815 0.07183159722222222 0.05700231481481482
34 0.5285373263888888 0.7873263888888888 0.06770833333333333 0.06336805555555555
34 0.3989800347222222 0.6183449074074074 0.07703993055555555 0.052083333333333336
34 0.4185112847222222 0.5215567129629629 0.0724826388888889 0.06163194444444445
34 0.4844835069444444 0.5986689814814815 0.06705729166666667 0.06741898148148148
34 0.5094401041666666 0.2708333333333333 0.06640625 0.08246527777777778
34 0.6520182291666666 0.26142939814814814 0.07660590277777778 0.0625
34 0.5940755208333334 0.34447337962962965 0.0978732638888889 0.030960648148148147
34 0.7578125 0.30063657407407407 0.072265625 0.0546875
34 0.5445963541666666 0.5052083333333334 0.03797743055555555 0.036458333333333336
34 0.5986328125 0.5334201388888888 0.05186631944444445 0.023148148148148147
34 0.6004774305555556 0.5570023148148148 0.054036458333333336 0.020833333333333332
34 0.4646267361111111 0.5131655092592593 0.05295138888888889 0.026909722222222224
34 0.4659288194444444 0.44285300925925924 0.05381944444444445 0.022569444444444444
34 0.7952473958333334 0.7990451388888888 0.2923177083333333 0.10966435185185185