34 0.6473524305555556 0.6974826388888888 0.09526909722222222 0.15162037037037038
34 0.3168402777777778 0.7264178240740741 0.11870659722222222 0.125
34 0.2353515625 0.8036747685185185 0.09440104166666667 0.11226851851851852
34 0.6075303819444444 0.4515335648148148 0.0700954861111111 0.10619212962962964
34 0.6418185763888888 0.30888310185185186 0.0900607638888889 0.09056712962962964
34 0.9222005208333334 0.1785300925925926 0.11805555555555555 0.07175925925925926
34 0.4006076388888889 0.3650173611111111 0.06532118055555555 0.08940972222222222
34 0.3900824652777778 0.5122974537037037 0.06293402777777778 0.11979166666666667
34 0.2684461805555556 0.5772569444444444 0.06705729166666667 0.07060185185185185
34 0.3468967013888889 0.3929398148148148 0.06987847222222222 0.08478009259259259
34 0.5393880208333334 0.5418113425925926 0.053168402777777776 0.061342592592592594
34 0.5324435763888888 0.7173032407407407 0.030598958333333332 0.0798611111111111
34 0.658203125 0.8427372685185185 0.052300347222222224 0.08304398148148148
34 0.6469184027777778 0.5150462962962963 0.07573784722222222 0.06770833333333333