34 0.7154947916666666 0.6239872685185185 0.08355034722222222 0.06626157407407407
34 0.6129557291666666 0.6671006944444444 0.03993055555555555 0.052083333333333336
34 0.5616319444444444 0.6129918981481481 0.039496527777777776 0.04398148148148148
34 0.5843098958333334 0.5886863425925926 0.036675347222222224 0.034722222222222224
34 0.6748046875 0.6109664351851852 0.03407118055555555 0.028356481481481483
34 0.6172960069444444 0.5785590277777778 0.03689236111111111 0.017361111111111112
34 0.4308810763888889 0.9314236111111112 0.10828993055555555 0.10243055555555555
34 0.4619140625 0.7897858796296297 0.07486979166666667 0.06626157407407407
34 0.4704861111111111 0.6409143518518519 0.0744357638888889 0.0625
34 0.2224392361111111 0.5706018518518519 0.12434895833333333 0.07002314814814815
34 0.11664496527777778 0.5368923611111112 0.08528645833333333 0.06770833333333333
34 0.2903645833333333 0.6673900462962963 0.0744357638888889 0.04369212962962963
34 0.1527777777777778 0.6686921296296297 0.08875868055555555 0.0642361111111111
34 0.22178819444444445 0.8216145833333334 0.06510416666666667 0.08506944444444445
34 0.06239149305555555 0.7690972222222222 0.09440104166666667 0.04513888888888889
34 0.6748046875 0.09924768518518519 0.06315104166666667 0.11950231481481481
34 0.5952690972222222 0.13252314814814814 0.060546875 0.06712962962962964
34 0.7673611111111112 0.2855902777777778 0.07313368055555555 0.03211805555555555
34 0.8606770833333334 0.3285590277777778 0.05772569444444445 0.057291666666666664
34 0.8220486111111112 0.4509548611111111 0.06163194444444445 0.07291666666666667
34 0.6274956597222222 0.2672164351851852 0.06032986111111111 0.03125
34 0.6214192708333334 0.36342592592592593 0.05381944444444445 0.030671296296296297
34 0.3914930555555556 0.2947048611111111 0.06922743055555555 0.048032407407407406
34 0.3940972222222222 0.48336226851851855 0.07747395833333333 0.050347222222222224
34 0.3811848958333333 0.14641203703703703 0.05164930555555555 0.05758101851851852