37 0.10786732456140351 0.4053362573099415 0.06825657894736842 0.03837719298245614
37 0.19572368421052633 0.41812865497076024 0.0849780701754386 0.039473684210526314
37 0.3999451754385965 0.36659356725146197 0.09073464912280702 0.05116959064327485
37 0.49684758771929827 0.33296783625730997 0.07291666666666667 0.049707602339181284
37 0.5586622807017544 0.3755482456140351 0.06716008771929824 0.043859649122807015
37 0.7435581140350878 0.3055555555555556 0.0756578947368421 0.049707602339181284
37 0.6528234649122807 0.3644005847953216 0.06853070175438597 0.05299707602339181
37 0.8164747807017544 0.33223684210526316 0.04468201754385965 0.04276315789473684
37 0.8618421052631579 0.3503289473684211 0.07757675438596491 0.034722222222222224
37 0.8337445175438597 0.4307383040935672 0.07976973684210527 0.04788011695906433
37 0.7319078947368421 0.38687865497076024 0.0737390350877193 0.035818713450292396
37 0.6758497807017544 0.41867690058479534 0.08662280701754387 0.038011695906432746
37 0.5996436403508771 0.41465643274853803 0.06469298245614036 0.0402046783625731
37 0.6148574561403509 0.45248538011695905 0.0556469298245614 0.03033625730994152
37 0.7242324561403509 0.49707602339181284 0.07648026315789473 0.03326023391812866
37 0.4538103070175439 0.40625 0.07593201754385964 0.03179824561403509
37 0.43338815789473684 0.4471856725146199 0.07319078947368421 0.05445906432748538
37 0.31565241228070173 0.4607090643274854 0.07867324561403509 0.03326023391812866
37 0.28933662280701755 0.5268640350877193 0.06332236842105263 0.041301169590643276
37 0.17132675438596492 0.5115131578947368 0.0800438596491228 0.03837719298245614
37 0.0668859649122807 0.47478070175438597 0.0893640350877193 0.04678362573099415
37 0.048793859649122806 0.5369152046783626 0.07099780701754387 0.03508771929824561
37 0.03851425438596491 0.6089181286549707 0.07510964912280702 0.043859649122807015
37 0.13007127192982457 0.6622807017543859 0.06880482456140351 0.03837719298245614
37 0.12225877192982457 0.6158625730994152 0.059484649122807015 0.03837719298245614
37 0.2393092105263158 0.5886330409356725 0.07538377192982457 0.07675438596491228
37 0.45627741228070173 0.6482090643274854 0.07785087719298246 0.061769005847953216
37 0.5459155701754386 0.6461988304093568 0.0625 0.05116959064327485
37 0.5520833333333334 0.5842470760233918 0.06962719298245613 0.0402046783625731
37 0.5819627192982456 0.5431286549707602 0.06551535087719298 0.03508771929824561
37 0.5631853070175439 0.5034722222222222 0.05317982456140351 0.03435672514619883
37 0.48615679824561403 0.5 0.07346491228070176 0.035818713450292396
37 0.6891447368421053 0.6038011695906432 0.07319078947368421 0.05847953216374269
37 0.7449287280701754 0.5677997076023392 0.08141447368421052 0.05226608187134503
37 0.8415570175438597 0.5040204678362573 0.07182017543859649 0.047149122807017545