38 0.38747258771929827 0.3432017543859649 0.23163377192982457 0.16666666666666666
38 0.6703673245614035 0.2860014619883041 0.24643640350877194 0.1290204678362573
38 0.19462719298245615 0.3656798245614035 0.19407894736842105 0.12755847953216373
38 0.15309758771929824 0.4581505847953216 0.2837171052631579 0.1297514619883041
38 0.41584429824561403 0.4442616959064328 0.20065789473684212 0.10197368421052631
38 0.7985197368421053 0.47953216374269003 0.09978070175438597 0.11038011695906433
38 0.7070997807017544 0.38687865497076024 0.22121710526315788 0.12609649122807018
38 0.6411732456140351 0.5765716374269005 0.23464912280701755 0.1472953216374269
38 0.7568530701754386 0.5681652046783626 0.15899122807017543 0.13779239766081872
38 0.7482182017543859 0.7086988304093568 0.23766447368421054 0.10818713450292397
38 0.0927905701754386 0.5835160818713451 0.18503289473684212 0.09539473684210527
38 0.07442434210526316 0.6683114035087719 0.14281798245614036 0.07492690058479533
38 0.17406798245614036 0.6756213450292398 0.18146929824561403 0.06030701754385965
38 0.38898026315789475 0.8104897660818714 0.19353070175438597 0.09978070175438597
38 0.3207236842105263 0.7494517543859649 0.17214912280701755 0.0763888888888889
38 0.5561951754385965 0.7554824561403509 0.1962719298245614 0.0847953216374269
38 0.46847587719298245 0.6156798245614035 0.21820175438596492 0.10124269005847954
38 0.3606085526315789 0.5422149122807017 0.23273026315789475 0.07858187134502924
38 0.26398026315789475 0.5924707602339181 0.21765350877192982 0.09502923976608187