39 0.3024390243902439 0.5262814943527367 0.10634146341463414 0.079496090356212
39 0.08178861788617886 0.542354474370113 0.07252032520325204 0.05082536924413553
39 0.21577235772357722 0.4459165942658558 0.07577235772357724 0.06385751520417028
39 0.44926829268292684 0.4285403996524761 0.08780487804878048 0.0577758470894874
39 0.460650406504065 0.513249348392702 0.07577235772357724 0.06211989574283232
39 0.7008130081300813 0.25260642919200693 0.07479674796747968 0.05647263249348393
39 0.9614634146341463 0.6907037358818419 0.07577235772357724 0.060816681146828845
39 0.8980487804878049 0.461120764552563 0.09658536585365854 0.05647263249348393
39 0.8639024390243902 0.39313640312771503 0.07154471544715447 0.036055603822762815
39 0.2097560975609756 0.838401390095569 0.06829268292682927 0.060816681146828845
39 0.8141463414634146 0.8138575152041703 0.06731707317073171 0.07819287576020852
39 0.7663414634146342 0.17441355343179843 0.07154471544715447 0.05951346655082537