39 0.21153846153846154 0.3636601992658626 0.1586042823156225 0.06974305191400104
39 0.07870737509912767 0.26140534871525956 0.09119746233148295 0.08232826428945988
39 0.24722442505947662 0.47194546407970633 0.1161776367961935 0.09071840587309911
39 0.4097938144329897 0.5671211326691138 0.17446471054718476 0.07184058730991086
39 0.22660586835844568 0.5681699003670687 0.11221252973830294 0.08023072889355008
39 0.4335844567803331 0.375721027792344 0.084456780333069 0.05243838489774515
39 0.6171689135606662 0.32852648138437335 0.0979381443298969 0.11536444677503933
39 0.6641554321966693 0.5243838489774515 0.19706582077716098 0.09805977975878342
39 0.8842188739095955 0.5506030414263241 0.10031720856463125 0.06974305191400104
39 0.6706978588421887 0.6966439433665443 0.09912767644726407 0.07865757734661773
39 0.4585646312450436 0.6536444677503933 0.11895321173671689 0.06974305191400104
39 0.278152260111023 0.6431567907708443 0.12569389373513085 0.10120608285264814
39 0.8419904837430611 0.7097535395909806 0.05551149881046788 0.05243838489774515
39 0.7698255352894529 0.7779234399580492 0.06463124504361618 0.06974305191400104
39 0.7593180015860428 0.9326166754063975 0.10428231562252181 0.0540115364446775
39 0.6258921490880254 0.8180388044048243 0.09119746233148295 0.07708442579968537