39 0.16491067338524965 0.27907656341320863 0.076042143838754 0.05493863237872589
39 0.3103527256069629 0.5192869666861485 0.07695831424644985 0.056107539450613676
39 0.4047182775996335 0.8743424897720631 0.05451213925790197 0.05376972530683811
39 0.43770041227668344 0.7030976037405027 0.06917086578103528 0.04558737580362361
39 0.5627576729271645 0.6215663354763297 0.043976179569399906 0.03506721215663355
39 0.49931287219422815 0.5017533606078317 0.08199725148877691 0.04441846873173583
39 0.3114979386165827 0.43921683226183517 0.06367384333486029 0.06370543541788427
39 0.5032065964269354 0.67416715371128 0.04535043518094366 0.08942139099941554
39 0.6170407695831425 0.6285797779076563 0.05222171323866239 0.05669199298655757
39 0.6543747136967476 0.5520163646990064 0.047182775996335316 0.03623611922852133
39 0.4049473202015575 0.42226767971946233 0.07054512139257901 0.06896551724137931
39 0.5533669262482822 0.5520163646990064 0.0407695831424645 0.04324956165984804