39 0.07184894556154978 0.24877149877149876 0.10250122609122118 0.09705159705159705
39 0.3207454634624816 0.3476658476658477 0.11083864639529181 0.056511056511056514
39 0.1878371750858264 0.2635135135135135 0.09318293281020108 0.03931203931203931
39 0.2584600294261893 0.253992628992629 0.08974987739087788 0.0386977886977887
39 0.387690044139284 0.44594594594594594 0.08337420304070622 0.05958230958230958
39 0.5272192251103482 0.36855036855036855 0.07013241785188817 0.057125307125307126
39 0.5801863658656204 0.4711302211302211 0.08925944090240313 0.03132678132678133
39 0.6549779303580187 0.3700859950859951 0.08582638548307994 0.04791154791154791
39 0.7260912211868563 0.5426904176904177 0.12162824914173614 0.09643734643734644
39 0.8511525257479157 0.6468058968058968 0.10250122609122118 0.07923832923832924
39 0.6417361451692006 0.7555282555282555 0.08141245708680726 0.1167076167076167
39 0.7013241785188818 0.6695331695331695 0.08043158410985778 0.06265356265356266